2025-05-08 14:10:12 NMEA             6.787e-03  1.752e-01  3.240e-03 -2.962e-04  1.524e-03 4.7e-03  16   0   9  0.00
2025-05-08 14:10:13 NMEA             6.682e-03  1.762e-01  3.105e-03 -1.855e-04  1.348e-03 7.3e-02  17   0   7  0.00
2025-05-08 14:10:14 NMEA             6.472e-03  1.758e-01  2.928e-03 -1.990e-04  1.181e-03 1.0e-02  18   0   8  0.00
2025-05-08 14:10:15 NMEA             6.410e-03  1.768e-01  2.830e-03 -1.054e-04  1.065e-03 7.9e-02  19   0   9  0.00
2025-05-08 14:10:16 NMEA             6.265e-03  1.773e-01  2.701e-03 -6.042e-05  9.529e-04 4.2e-02  20   0   9  0.00
2025-05-08 14:10:17 NMEA             6.242e-03  1.761e-01  2.629e-03 -1.436e-04  8.736e-04 8.7e-02  21   0  10  0.00
2025-05-08 14:10:18 NMEA             6.204e-03  1.769e-01  2.558e-03 -7.287e-05  8.027e-04 8.1e-02  22   0  11  0.00
2025-05-08 14:10:19 NMEA             6.112e-03  1.762e-01  2.467e-03 -1.185e-04  7.338e-04 5.7e-02  23   0  12  0.00
2025-05-08 14:10:15 PPS              6.206e-07 -4.299e-07  2.310e-07 -5.678e-09  1.842e-08 3.9e-01  17   0  10  0.00
2025-05-08 14:10:20 NMEA             5.976e-03  1.759e-01  2.365e-03 -1.304e-04  6.683e-04 1.6e-02  24   0  12  0.00
2025-05-08 14:10:21 NMEA             5.916e-03  1.764e-01  2.298e-03 -8.645e-05  6.183e-04 6.6e-02  25   0  13  0.00
2025-05-08 14:10:22 NMEA             5.815e-03  1.760e-01  2.216e-03 -1.104e-04  5.695e-04 3.9e-02  26   0  14  0.00
2025-05-08 14:10:23 NMEA             5.780e-03  1.751e-01  2.164e-03 -1.519e-04  5.320e-04 7.3e-02  27   0  14  0.00
2025-05-08 14:10:24 NMEA             5.736e-03  1.756e-01  2.111e-03 -1.161e-04  4.975e-04 6.7e-02  28   0  15  0.00
2025-05-08 14:10:25 NMEA             5.630e-03  1.754e-01  2.038e-03 -1.210e-04  4.611e-04 9.8e-03  29   0  16  0.00
2025-05-08 14:10:26 NMEA             5.656e-03  1.744e-01  2.014e-03 -1.647e-04  4.384e-04 9.5e-02  30   0  16  0.00
2025-05-08 14:10:27 NMEA             5.573e-03  1.746e-01  1.955e-03 -1.503e-04  4.095e-04 3.3e-02  31   0  17  0.00
2025-05-08 14:10:24 PPS              6.351e-07  2.881e-07  2.334e-07  2.733e-09  1.691e-08 2.2e-01  18   0  13  0.00
2025-05-08 14:10:28 NMEA             5.496e-03  1.741e-01  1.898e-03 -1.647e-04  3.837e-04 3.5e-02  32   0  18  0.00
2025-05-08 14:10:29 NMEA             5.407e-03  1.739e-01  1.840e-03 -1.665e-04  3.592e-04 4.8e-03  33   0  18  0.00
2025-05-08 14:10:30 NMEA             5.366e-03  1.742e-01  1.801e-03 -1.458e-04  3.398e-04 5.8e-02  34   0  19  0.00
2025-05-08 14:10:31 NMEA             5.288e-03  1.739e-01  1.750e-03 -1.517e-04  3.196e-04 1.7e-02  35   0  20  0.00
2025-05-08 14:10:32 NMEA             5.222e-03  1.735e-01  1.705e-03 -1.618e-04  3.017e-04 3.2e-02  36   0  20  0.00
2025-05-08 14:10:33 NMEA             5.274e-03  1.741e-01  1.700e-03 -1.312e-04  2.916e-04 1.0e-01  37   0  21  0.00
2025-05-08 14:10:34 NMEA             5.201e-03  1.740e-01  1.655e-03 -1.285e-04  2.756e-04 9.3e-03  38   0  21  0.00
2025-05-08 14:10:35 NMEA             5.187e-03  1.744e-01  1.630e-03 -1.095e-04  2.638e-04 6.9e-02  39   0  21  0.00
2025-05-08 14:10:31 PPS              7.094e-07  3.836e-07  2.514e-07  5.481e-09  1.716e-08 3.0e-01  19   0  13  0.00
2025-05-08 14:10:36 NMEA             5.123e-03  1.742e-01  1.590e-03 -1.143e-04  2.502e-04 1.8e-02  40   0  22  0.00
2025-05-08 14:10:37 NMEA             5.090e-03  1.744e-01  1.561e-03 -1.011e-04  2.390e-04 5.3e-02  41   0  25  0.00
2025-05-08 14:10:38 NMEA             5.064e-03  1.747e-01  1.536e-03 -8.726e-05  2.290e-04 5.8e-02  42   0  25  0.00
2025-05-08 14:10:39 NMEA             5.021e-03  1.749e-01  1.505e-03 -7.814e-05  2.160e-04 4.0e-02  43   0  25  0.00
2025-05-08 14:10:40 NMEA             4.963e-03  1.747e-01  1.471e-03 -8.119e-05  2.062e-04 1.4e-02  44   0  26  0.00